Name = Grovestreet_House
Owner = For_Sale
Cost = 38493
pickUpX = 2524.635498
pickUpY = -1658.469848
pickUpZ = 15.824020
SpawnX = 2524.635498
SpawnY = -1658.469848
SpawnZ = 15.824020
SpawnA = 81.999992
Int = 6
[housedata]
Name = Grovestreet_House
Owner = [$R]CraZy.x3
Locked = 1
