[RaceInfo]
SpawnpX = 2379.079345
SpawnpY = -1658.832275
SpawnpZ = 13.007861
SpawnpA = 13.080515
StartX = 2368.916015
StartY = -1659.457397
StartZ = 13.007685
X_CheckPoint0 = 2300.635009
Y_CheckPoint0 = -1659.784057
Z_CheckPoint0 = 14.192979
X_CheckPoint1 = 2205.324707
Y_CheckPoint1 = -1621.168212
Z_CheckPoint1 = 15.970672
X_CheckPoint2 = 2213.817138
Y_CheckPoint2 = -1504.887451
Z_CheckPoint2 = 23.453454
X_CheckPoint3 = 2198.060302
Y_CheckPoint3 = -1385.394165
Z_CheckPoint3 = 23.453781
X_CheckPoint4 = 2072.144287
Y_CheckPoint4 = -1268.572998
Z_CheckPoint4 = 23.454687
X_CheckPoint5 = 2071.538574
Y_CheckPoint5 = -1134.749511
Z_CheckPoint5 = 23.357637
X_CheckPoint6 = 2034.029785
Y_CheckPoint6 = -1071.102539
Z_CheckPoint6 = 24.216602
X_CheckPoint7 = 1978.209228
Y_CheckPoint7 = -1074.515380
Z_CheckPoint7 = 24.408840
X_CheckPoint8 = 1969.345825
Y_CheckPoint8 = -1161.328491
Z_CheckPoint8 = 25.518985
X_CheckPoint9 = 1987.365844
Y_CheckPoint9 = -1258.669067
Z_CheckPoint9 = 23.444211
X_CheckPoint10 = 2066.055664
Y_CheckPoint10 = -1275.390136
Z_CheckPoint10 = 23.437284
X_CheckPoint11 = 2068.950195
Y_CheckPoint11 = -1340.097290
Z_CheckPoint11 = 23.443704
X_CheckPoint12 = 2111.839355
Y_CheckPoint12 = -1403.301513
Z_CheckPoint12 = 23.454860
X_CheckPoint13 = 2114.786865
Y_CheckPoint13 = -1628.222167
Z_CheckPoint13 = 20.898965
X_CheckPoint14 = 2076.400146
Y_CheckPoint14 = -1751.526611
Z_CheckPoint14 = 13.012576
X_CheckPoint15 = 1957.803710
Y_CheckPoint15 = -1751.486572
Z_CheckPoint15 = 13.012065
X_CheckPoint16 = 1822.296142
Y_CheckPoint16 = -1764.101074
Z_CheckPoint16 = 13.007685
X_CheckPoint17 = 1822.290405
Y_CheckPoint17 = -1842.428344
Z_CheckPoint17 = 13.039695
X_CheckPoint18 = 1838.282348
Y_CheckPoint18 = -1929.612792
Z_CheckPoint18 = 13.011253
X_CheckPoint19 = 1966.136474
Y_CheckPoint19 = -1932.673706
Z_CheckPoint19 = 13.008283
X_CheckPoint20 = 2101.836669
Y_CheckPoint20 = -1894.979003
Z_CheckPoint20 = 12.995749
X_CheckPoint21 = 2218.782226
Y_CheckPoint21 = -1877.088867
Z_CheckPoint21 = 13.008400
X_CheckPoint22 = 2219.075683
Y_CheckPoint22 = -1701.653808
Z_CheckPoint22 = 13.170804
X_CheckPoint23 = 2299.773925
Y_CheckPoint23 = -1659.001464
Z_CheckPoint23 = 14.226922
X_CheckPoint24 = 2361.972900
Y_CheckPoint24 = -1659.099731
Z_CheckPoint24 = 13.006397
CpCount = 25
